 Al  Mg  bcc str #: 5023
3.56
 -0.50000000 -0.50000000  1.50000000
 -1.00000000 -1.00000000 -1.00000000
  1.00000000 -2.00000000  0.00000000
  5   7   
D
  0.00000000   0.00000000   0.00000000
  0.16666667   0.75000000   0.33333333
  0.33333333   0.50000000   0.66666667
  0.50000000   0.25000000   0.00000000
  0.83333333   0.75000000   0.66666667
  0.66666667   0.00000000   0.33333333
  0.00000000   0.50000000   0.00000000
  0.16666667   0.25000000   0.33333333
  0.33333333   0.00000000   0.66666667
  0.50000000   0.75000000   0.00000000
  0.66666667   0.50000000   0.33333333
  0.83333333   0.25000000   0.66666667
