 Ag  Cu  hcp binary str #: 2149
3.89
  0.00000000  0.00000000  1.63299320
  2.00000000  1.73205080  0.00000000
 -1.00000000  1.73205080  0.00000000
  7   5   
D
  0.00000000   0.00000000   0.00000000
  0.00000000   0.00000000   0.50000000
  0.00000000   0.33333333   0.66666667
  0.00000000   0.66666667   0.83333333
  0.49999999   0.88888889   0.27777778
  0.49999999   0.22222222   0.44444444
  0.49999999   0.88888889   0.77777778
  0.00000000   0.33333333   0.16666667
  0.00000000   0.66666667   0.33333333
  0.49999999   0.22222222   0.94444444
  0.49999999   0.55555555   0.11111111
  0.49999999   0.55555555   0.61111111
