 Al  Co  hcp binary str #: 6057
3.39
  1.00000000  0.00000000  0.00000000
 -0.50000000  0.86602540  0.00000000
  0.00000000  0.00000000  11.43095240
  8   6   
D
  0.00000000   0.00000000   0.00000000
  0.00000000   0.00000000   0.14285714
  0.00000000   0.00000000   0.28571429
  0.00000000   0.00000000   0.57142857
  0.00000000   0.00000000   0.71428571
  0.66666666   0.33333333   0.07142857
  0.66666666   0.33333333   0.21428571
  0.66666666   0.33333333   0.35714286
  0.00000000   0.00000000   0.42857143
  0.00000000   0.00000000   0.85714286
  0.66666666   0.33333333   0.50000000
  0.66666666   0.33333333   0.64285714
  0.66666666   0.33333333   0.78571428
  0.66666666   0.33333333   0.92857143
