 Ag  H  Pd  hcp ternar str #: 6522
3.93
  1.00000000  0.00000000  0.00000000
  0.50000000  2.59807620  1.63299320
  0.00000000 -1.73205080  1.63299320
  4   3   3   
D
  0.00000000   0.00000000   0.00000000
  0.16666667   0.66666666   0.83333333
  0.76666667   0.46666666   0.03333333
  0.56666667   0.86666666   0.63333333
  0.60000000   0.80000000   0.20000000
  0.36666667   0.26666666   0.23333333
  0.96666667   0.06666666   0.43333333
  0.80000000   0.40000000   0.60000000
  0.40000000   0.20000000   0.80000000
  0.20000000   0.60000000   0.40000000
