 Ag  H  hcp ternar str #: 3722
3.92
  1.00000000  0.00000000  0.00000000
 -0.50000000  0.86602540  1.63299320
  0.00000000 -3.46410160  1.63299320
  5   5   
D
  0.00000000   0.00000000   0.00000000
  0.40000000   0.80000000   0.20000000
  0.20000000   0.40000000   0.60000000
  0.73333333   0.46666666   0.03333333
  0.93333333   0.86666666   0.63333333
  0.80000000   0.60000000   0.40000000
  0.60000000   0.20000000   0.80000000
  0.13333333   0.26666666   0.23333333
  0.53333333   0.06666666   0.43333333
  0.33333333   0.66666666   0.83333333
