 Ag  H  Pd  hcp ternar str #: 2479
3.97
  1.00000000  0.00000000  0.00000000
 -0.50000000  0.86602540  0.00000000
  0.00000000  0.00000000  8.16496600
  6   3   1   
D
  0.00000000   0.00000000   0.00000000
  0.00000000   0.00000000   0.20000000
  0.66666666   0.33333333   0.10000000
  0.66666666   0.33333333   0.30000000
  0.66666666   0.33333333   0.50000000
  0.66666666   0.33333333   0.90000000
  0.00000000   0.00000000   0.40000000
  0.00000000   0.00000000   0.60000000
  0.66666666   0.33333333   0.70000000
  0.00000000   0.00000000   0.80000000
