 Fe  Mn  hcp binary str #: 1387
7.89
  1.00000000  0.00000000  0.00000000
 -0.50000000  0.86602540  0.00000000
  0.00000000  0.00000000  9.79795920
  2   10   
D
  0.00000000   0.00000000   0.00000000
  0.00000000   0.00000000   0.33333333
  0.00000000   0.00000000   0.16666667
  0.00000000   0.00000000   0.50000000
  0.00000000   0.00000000   0.66666667
  0.00000000   0.00000000   0.83333333
  0.66666666   0.33333333   0.08333333
  0.66666666   0.33333333   0.25000000
  0.66666666   0.33333333   0.41666666
  0.66666666   0.33333333   0.58333333
  0.66666666   0.33333333   0.75000000
  0.66666666   0.33333333   0.91666666
