 Ni  Ti  hcp binary str #: 5390
3.19
  1.00000000  0.00000000  0.00000000
 -0.50000000  2.59807620  1.63299320
  0.50000000 -2.59807620  1.63299320
  5   7   
D
  0.00000000   0.00000000   0.00000000
  0.00000000   0.50000000   0.50000000
  0.66666667   0.16666667   0.83333333
  0.22222222   0.47222222   0.02777777
  0.88888889   0.13888888   0.36111111
  0.66666667   0.66666667   0.33333333
  0.33333333   0.33333333   0.66666667
  0.33333333   0.83333333   0.16666667
  0.55555555   0.30555555   0.19444444
  0.55555555   0.80555555   0.69444444
  0.22222222   0.97222222   0.52777777
  0.88888889   0.63888888   0.86111111
