 C  H  bcc str #: 3103
3.68
  0.00000000 -1.00000000 -1.00000000
  1.50000000 -0.50000000  0.50000000
 -1.00000000 -2.00000000  1.00000000
  4   7   
D
  0.00000000   0.00000000   0.00000000
  0.90909091   0.45454545   0.18181818
  0.81818182   0.90909091   0.36363636
  0.54545455   0.27272727   0.90909091
  0.72727273   0.36363636   0.54545455
  0.63636364   0.81818182   0.72727273
  0.45454545   0.72727273   0.09090909
  0.36363636   0.18181818   0.27272727
  0.27272727   0.63636364   0.45454545
  0.18181818   0.09090909   0.63636364
  0.09090909   0.54545455   0.81818182
