 Al  Cu  hcp binary str #: 3805
3.72
  1.00000000  0.00000000  0.00000000
  0.00000000  1.73205080  1.63299320
  0.00000000 -1.73205080  3.26598640
  3   9   
D
  0.00000000   0.00000000   0.00000000
  0.00000000   0.66666667   0.66666667
  0.00000000   0.61111111   0.94444444
  0.00000000   0.33333333   0.33333333
  0.50000000   0.33333333   0.83333333
  0.50000000   0.66666667   0.16666667
  0.50000000   0.00000000   0.50000000
  0.50000000   0.27777777   0.11111111
  0.50000000   0.61111111   0.44444444
  0.50000000   0.94444444   0.77777777
  0.00000000   0.94444444   0.27777777
  0.00000000   0.27777777   0.61111111
