 Al  Cu  hcp binary str #: 1282
3.83
  1.00000000  0.00000000  0.00000000
  0.50000000 -0.86602540  4.89897960
  0.00000000 -1.73205080  0.00000000
  6   6   
D
  0.00000000   0.00000000   0.00000000
  0.83333333   0.33333333   0.83333333
  0.50000000   0.00000000   0.50000000
  0.41666667   0.16666666   0.75000000
  0.91666667   0.16666666   0.25000000
  0.58333334   0.83333333   0.91666667
  0.66666667   0.66666667   0.66666667
  0.33333333   0.33333333   0.33333333
  0.16666667   0.66666667   0.16666667
  0.25000000   0.50000000   0.58333334
  0.08333334   0.83333333   0.41666667
  0.75000000   0.50000000   0.08333334
