 Cr  Fe  fcc str #: 3658
2.87
  0.50000000  0.50000000  0.00000000
 -1.50000000  2.00000000 -0.50000000
 -0.50000000  0.00000000  1.50000000
  3   8   
D
  0.00000000   0.00000000   0.00000000
  0.90909091   0.27272727   0.09090909
  0.45454545   0.63636364   0.54545455
  0.63636364   0.09090909   0.36363636
  0.27272727   0.18181818   0.72727273
  0.54545455   0.36363636   0.45454545
  0.18181818   0.45454545   0.81818182
  0.81818182   0.54545455   0.18181818
  0.09090909   0.72727273   0.90909091
  0.72727273   0.81818182   0.27272727
  0.36363636   0.90909091   0.63636364
