 Cu  Pb  hcp binary str #: 2158
4.28
  1.00000000  0.00000000  0.00000000
  0.50000000  0.86602540  3.26598640
 -0.50000000 -2.59807620  0.00000000
  6   6   
D
  0.00000000   0.00000000   0.00000000
  0.83333333   0.50000000   0.16666667
  0.66666667  -0.00000000   0.33333333
  0.50000000   0.50000000   0.50000000
  0.19444445   0.74999999   0.13888889
  0.86111111   0.74999999   0.47222222
  0.33333333  -0.00000000   0.66666667
  0.16666667   0.50000000   0.83333333
  0.36111111   0.24999999   0.97222222
  0.02777778   0.24999999   0.30555555
  0.69444445   0.24999999   0.63888889
  0.52777778   0.74999999   0.80555555
