 Ti  O  hcp binary str #: 5686
5.21
  1.50000000  0.86602540  0.00000000
  0.00000000  1.73205080  1.63299320
  0.00000000 -1.73205080  1.63299320
  5   7   
D
  0.00000000   0.00000000   0.00000000
  0.00000000   0.50000000   0.50000000
  0.33333333   0.16666667   0.83333333
  0.66666667   0.33333333   0.66666667
  0.66666667   0.41666666   0.08333333
  0.33333333   0.66666667   0.33333333
  0.66666667   0.83333333   0.16666667
  0.33333333   0.24999999   0.24999999
  0.33333333   0.74999999   0.74999999
  0.66666667   0.91666666   0.58333333
  0.00000000   0.58333333   0.91666666
  0.00000000   0.08333333   0.41666666
