 Cr  Ni  hcp binary str #: 2271
3.25
  1.00000000  0.00000000  1.63299320
 -1.50000000  0.86602540  1.63299320
 -1.00000000 -1.73205080  0.00000000
  5   7   
D
  0.00000000   0.00000000   0.00000000
  0.66666667   0.33333333   0.16666667
  0.33333333   0.66666667   0.33333333
  0.00000000   0.00000000   0.50000000
  0.44444444   0.05555555   0.36111111
  0.66666667   0.33333333   0.66666667
  0.33333333   0.66666667   0.83333333
  0.44444444   0.05555555   0.86111111
  0.11111110   0.38888888   0.02777778
  0.77777777   0.72222222   0.19444444
  0.11111110   0.38888888   0.52777778
  0.77777777   0.72222222   0.69444444
