 Al  Ni  hcp binary str #: 4318
3.74
  1.00000000  0.00000000  0.00000000
  0.00000000  1.73205080  0.00000000
  0.00000000  0.00000000  4.89897960
  5   7   
D
  0.00000000   0.00000000   0.00000000
  0.00000000   0.00000000   0.66666667
  0.50000000   0.50000000   0.00000000
  0.50000000   0.50000000   0.33333333
  0.00000000   0.66666666   0.50000000
  0.00000000   0.00000000   0.33333333
  0.50000000   0.50000000   0.66666667
  0.50000000   0.16666666   0.16666666
  0.50000000   0.16666666   0.50000000
  0.50000000   0.16666666   0.83333333
  0.00000000   0.66666666   0.16666666
  0.00000000   0.66666666   0.83333333
