 Fe  Ni  bcc str #: 2825
3.11
  1.00000000  0.00000000  0.00000000
  0.00000000 -1.00000000  2.00000000
  0.50000000 -2.50000000 -0.50000000
  7   4   
D
  0.00000000   0.00000000   0.00000000
  0.45454545   0.27272727   0.09090909
  0.90909091   0.54545455   0.18181818
  0.81818182   0.09090909   0.36363636
  0.27272727   0.36363636   0.45454545
  0.72727273   0.63636364   0.54545455
  0.63636364   0.18181818   0.72727273
  0.36363636   0.81818182   0.27272727
  0.18181818   0.90909091   0.63636364
  0.09090909   0.45454545   0.81818182
  0.54545455   0.72727273   0.90909091
