 Fe  V  hcp binary str #: 4599
2.96
  0.00000000  1.73205080  0.00000000
 -2.00000000  0.00000000  1.63299320
  1.00000000  0.00000000  1.63299320
  5   7   
D
  0.00000000   0.00000000   0.00000000
  0.00000000   0.66666667   0.33333333
  0.50000000   0.83333333   0.16666667
  0.50000000   0.50000000   0.50000000
  0.16666666  -0.00000000   0.49999999
  0.00000000   0.33333333   0.66666667
  0.50000000   0.16666667   0.83333333
  0.16666666   0.33333333   0.16666666
  0.16666666   0.66666666   0.83333333
  0.66666666   0.83333333   0.66666666
  0.66666666   0.16666666   0.33333333
  0.66666666   0.50000000  -0.00000001
