 Al  H  bcc str #: 1767
3.87
  0.50000000  0.50000000 -0.50000000
  1.50000000 -0.50000000  1.50000000
  0.00000000 -2.00000000 -2.00000000
  4   6   
D
  0.00000000   0.00000000   0.00000000
  0.80000000   0.40000000   0.10000000
  0.60000000   0.80000000   0.20000000
  0.80000000   0.40000000   0.60000000
  0.40000000   0.20000000   0.30000000
  0.20000000   0.60000000   0.40000000
 -0.00000000   0.00000000   0.50000000
  0.60000000   0.80000000   0.70000000
  0.40000000   0.20000000   0.80000000
  0.20000000   0.60000000   0.90000000
