 Cr  Ni  bcc str #: 2716
3.17
 -1.00000000  0.00000000  1.00000000
 -0.50000000 -2.50000000 -0.50000000
  1.50000000 -0.50000000  0.50000000
  6   5   
D
  0.00000000   0.00000000   0.00000000
  0.27272727   0.09090909   0.54545455
  0.54545455   0.18181818   0.09090909
  0.81818182   0.27272727   0.63636364
  0.36363636   0.45454545   0.72727273
  0.18181818   0.72727273   0.36363636
  0.09090909   0.36363636   0.18181818
  0.63636364   0.54545455   0.27272727
  0.90909091   0.63636364   0.81818182
  0.45454545   0.81818182   0.90909091
  0.72727273   0.90909091   0.45454545
