 Cr  Ni  bcc str #: 1718
3.20
  1.00000000  0.00000000  0.00000000
  0.00000000  0.00000000  1.00000000
  0.00000000 -5.00000000  0.00000000
  5   5   
D
  0.00000000   0.00000000   0.00000000
  0.50000000   0.50000000   0.10000000
  0.00000000   0.00000000   0.20000000
  0.50000000   0.50000000   0.50000000
  0.00000000   0.00000000   0.60000000
  0.50000000   0.50000000   0.30000000
  0.00000000   0.00000000   0.40000000
  0.50000000   0.50000000   0.70000000
  0.00000000   0.00000000   0.80000000
  0.50000000   0.50000000   0.90000000
