 Cu  Zr  bcc str #: 2900
3.44
  1.00000000  0.00000000  0.00000000
  0.00000000  0.00000000  1.00000000
  0.50000000 -5.50000000  0.50000000
  6   5   
D
  0.00000000   0.00000000   0.00000000
  0.45454545   0.45454545   0.09090909
  0.90909091   0.90909091   0.18181818
  0.81818182   0.81818182   0.36363636
  0.27272727   0.27272727   0.45454545
  0.09090909   0.09090909   0.81818182
  0.36363636   0.36363636   0.27272727
  0.72727273   0.72727273   0.54545455
  0.18181818   0.18181818   0.63636364
  0.63636364   0.63636364   0.72727273
  0.54545455   0.54545455   0.90909091
