 C  H  hcp binary str #: 5508
3.69
  1.00000000  0.00000000  1.63299320
 -0.50000000  2.59807620  0.00000000
 -1.00000000  0.00000000  1.63299320
  4   8   
D
  0.00000000   0.00000000   0.00000000
  0.33333333   0.33333333   0.66666667
  0.52777777   0.11111111   0.97222222
  0.86111110   0.44444444   0.63888888
  0.50000000   0.00000000   0.50000000
  0.83333333   0.33333333   0.16666667
  0.66666667   0.66666667   0.33333333
  0.16666667   0.66666667   0.83333333
  0.02777777   0.11111111   0.47222222
  0.36111110   0.44444444   0.13888888
  0.19444444   0.77777778   0.30555555
  0.69444444   0.77777778   0.80555555
