 Ti  O  bcc str #: 2546
4.36
  0.50000000  0.50000000 -0.50000000
  1.00000000  0.00000000  1.00000000
  2.50000000 -3.50000000 -1.50000000
  7   4   
D
  0.00000000   0.00000000   0.00000000
  0.63636364   0.45454545   0.09090909
  0.27272727   0.90909091   0.18181818
  0.90909091   0.36363636   0.27272727
  0.54545455   0.81818182   0.36363636
  0.81818182   0.72727273   0.54545455
  0.72727273   0.09090909   0.81818182
  0.18181818   0.27272727   0.45454545
  0.45454545   0.18181818   0.63636364
  0.09090909   0.63636364   0.72727273
  0.36363636   0.54545455   0.90909091
