 Cu  Fe  hcp binary str #: 5128
3.12
  1.00000000  0.00000000  0.00000000
 -0.50000000  2.59807620  0.00000000
  0.00000000  0.00000000  3.26598640
  4   8   
D
  0.00000000   0.00000000   0.00000000
  0.00000000   0.00000000   0.50000000
  0.66666667   0.33333333   0.00000000
  0.33333333   0.66666667   0.50000000
  0.66666667   0.33333333   0.50000000
  0.33333333   0.66666667   0.00000000
  0.55555555   0.11111111   0.24999999
  0.55555555   0.11111111   0.74999999
  0.22222222   0.44444444   0.24999999
  0.22222222   0.44444444   0.74999999
  0.88888889   0.77777778   0.24999999
  0.88888889   0.77777778   0.74999999
