 Zr  Nb  bcc str #: 2621
3.25
 -1.00000000  0.00000000 -1.00000000
 -0.50000000 -1.50000000  1.50000000
 -1.50000000  0.50000000  1.50000000
  8   3   
D
  0.00000000   0.00000000   0.00000000
  0.63636364   0.27272727   0.81818182
  0.27272727   0.54545455   0.63636364
  0.90909091   0.81818182   0.45454545
  0.18181818   0.36363636   0.09090909
  0.81818182   0.63636364   0.90909091
  0.45454545   0.90909091   0.72727273
  0.72727273   0.45454545   0.36363636
  0.54545455   0.09090909   0.27272727
  0.09090909   0.18181818   0.54545455
  0.36363636   0.72727273   0.18181818
