 Al  Mg  hcp binary str #: 6493
3.87
  1.00000000  0.00000000  0.00000000
  0.50000000  0.86602540  3.26598640
 -0.50000000 -2.59807620  1.63299320
  11   3   
D
  0.00000000   0.00000000   0.00000000
  0.85714286   0.42857143   0.14285714
  0.71428571   0.85714286   0.28571429
  0.57142857   0.28571429   0.42857143
  0.42857143   0.71428571   0.57142857
  0.28571429   0.14285714   0.71428571
  0.14285714   0.57142857   0.85714286
  0.35714286   0.26190476   0.97619048
  0.21428572   0.69047618   0.11904762
  0.07142857   0.11904761   0.26190476
  0.64285715   0.40476190   0.69047619
  0.92857143   0.54761904   0.40476190
  0.78571429   0.97619047   0.54761905
  0.50000000   0.83333333   0.83333333
