 H  Pd  fcc str #: 2655
3.80
  0.50000000  0.50000000  0.00000000
 -3.50000000  3.50000000  4.00000000
  0.00000000 -0.50000000  0.50000000
  7   4   
D
  0.00000000   0.00000000   0.00000000
  0.63636364   0.09090909   0.27272727
  0.27272727   0.18181818   0.54545455
  0.90909091   0.27272727   0.81818182
  0.18181818   0.45454545   0.36363636
  0.81818182   0.54545455   0.63636364
  0.72727273   0.81818182   0.45454545
  0.54545455   0.36363636   0.09090909
  0.45454545   0.63636364   0.90909091
  0.09090909   0.72727273   0.18181818
  0.36363636   0.90909091   0.72727273
