 Al  Mn  Pd  hcp ternar str #: 3655
5.47
  1.00000000  0.00000000  0.00000000
  0.50000000  4.33012700  0.00000000
  0.00000000  0.00000000  1.63299320
  5   3   2   
D
  0.00000000   0.00000000   0.00000000
  0.20000000   0.60000000   0.00000000
  0.60000000   0.80000000   0.00000000
  0.46666667   0.06666667   0.49999999
  0.86666667   0.26666667   0.49999999
  0.26666667   0.46666667   0.49999999
  0.66666667   0.66666667   0.49999999
  0.06666667   0.86666667   0.49999999
  0.40000000   0.20000000   0.00000000
  0.80000000   0.40000000   0.00000000
