 Fe  Ti  hcp binary str #: 3065
2.91
  1.00000000  0.00000000  0.00000000
  0.00000000  5.19615240  0.00000000
  0.00000000  0.00000000  1.63299320
  6   6   
D
  0.00000000   0.00000000   0.00000000
  0.00000000   0.33333333   0.00000000
  0.50000000   0.50000000   0.00000000
  0.50000000   0.83333333   0.00000000
  0.50000000   0.72222222   0.49999999
  0.00000000   0.88888889   0.49999999
  0.50000000   0.16666667   0.00000000
  0.00000000   0.66666667   0.00000000
  0.50000000   0.05555555   0.49999999
  0.00000000   0.22222222   0.49999999
  0.50000000   0.38888889   0.49999999
  0.00000000   0.55555555   0.49999999
