 Fe  Ti  hcp binary str #: 7109
2.89
  1.00000000  0.00000000  0.00000000
  0.50000000  2.59807620  3.26598640
  0.00000000 -1.73205080  1.63299320
  10   4   
D
  0.00000000   0.00000000   0.00000000
  0.85714286   0.28571429   0.42857143
  0.71428571   0.57142857   0.85714286
  0.57142857   0.85714286   0.28571429
  0.42857143   0.14285714   0.71428571
  0.28571429   0.42857143   0.14285714
  0.97619048   0.04761904   0.40476190
  0.83333334   0.33333333   0.83333333
  0.69047619   0.61904761   0.26190476
  0.54761905   0.90476190   0.69047619
  0.14285714   0.71428571   0.57142857
  0.40476191   0.19047619   0.11904761
  0.26190476   0.47619047   0.54761904
  0.11904762   0.76190476   0.97619047
