 Cu  Ni  hcp binary str #: 6855
3.57
  1.00000000  0.00000000  1.63299320
 -1.50000000  0.86602540  1.63299320
 -1.00000000 -1.73205080  1.63299320
  8   6   
D
  0.00000000   0.00000000   0.00000000
  0.57142857   0.28571429   0.14285714
  0.14285714   0.57142857   0.28571429
  0.71428571   0.85714286   0.42857143
  0.28571429   0.14285714   0.57142857
  0.85714286   0.42857143   0.71428571
  0.52380952   0.09523809   0.88095238
  0.38095237   0.52380952   0.59523809
  0.42857143   0.71428571   0.85714286
  0.09523809   0.38095238   0.02380952
  0.66666666   0.66666666   0.16666667
  0.23809523   0.95238095   0.30952381
  0.80952380   0.23809523   0.45238095
  0.95238095   0.80952380   0.73809524
