 Ni  Ti  bcc str #: 3766
3.43
 -1.00000000  0.00000000 -1.00000000
  0.50000000 -1.50000000 -0.50000000
 -1.50000000 -1.50000000  1.50000000
  10   2   
D
  0.00000000   0.00000000   0.00000000
  0.50000000   0.25000000   0.08333333
  0.00000000   0.50000000   0.16666667
  0.50000000   0.75000000   0.25000000
  0.00000000   0.00000000   0.33333333
  0.50000000   0.25000000   0.41666667
  0.00000000   0.50000000   0.50000000
  0.50000000   0.75000000   0.58333333
  0.00000000   0.00000000   0.66666667
  0.00000000   0.50000000   0.83333333
  0.50000000   0.25000000   0.75000000
  0.50000000   0.75000000   0.91666667
