 Fe  P  hcp binary str #: 5630
5.74
  1.50000000  0.86602540  0.00000000
  0.00000000  1.73205080  0.00000000
  0.00000000  0.00000000  3.26598640
  4   8   
D
  0.00000000   0.00000000   0.00000000
  0.33333333   0.33333333   0.00000000
  0.33333333  -0.00000000   0.24999999
  0.33333333  -0.00000000   0.74999999
  0.00000000   0.00000000   0.50000000
  0.33333333   0.33333333   0.50000000
  0.66666667   0.66666667   0.00000000
  0.66666667   0.66666667   0.50000000
  0.66666667   0.33333333   0.24999999
  0.66666667   0.33333333   0.74999999
  0.00000000   0.66666666   0.24999999
  0.00000000   0.66666666   0.74999999
