 Al  Pb  hcp binary str #: 7107
4.31
  1.00000000  0.00000000  0.00000000
 -0.50000000  0.86602540  1.63299320
  0.00000000 -5.19615240  1.63299320
  10   4   
D
  0.00000000   0.00000000   0.00000000
  0.42857143   0.85714286   0.14285714
  0.85714286   0.71428571   0.28571429
  0.28571429   0.57142857   0.42857143
  0.71428571   0.42857143   0.57142857
  0.14285714   0.28571429   0.71428571
  0.02380952   0.04761904   0.45238095
  0.45238095   0.90476189   0.59523809
  0.88095238   0.76190475   0.73809524
  0.30952380   0.61904761   0.88095238
  0.57142857   0.14285714   0.85714286
  0.73809523   0.47619047   0.02380952
  0.16666666   0.33333332   0.16666667
  0.59523809   0.19047618   0.30952381
