 Cu  Zr  hcp binary str #: 4706
3.42
  0.00000000  0.00000000  1.63299320
  1.50000000  0.86602540  0.00000000
 -1.50000000  2.59807620  0.00000000
  6   6   
D
  0.00000000   0.00000000   0.00000000
  0.00000000   0.00000000   0.66666667
  0.00000000   0.50000000   0.83333333
  0.49999999   0.33333333  -0.00000000
  0.49999999   0.33333333   0.33333333
  0.49999999   0.83333333   0.50000000
  0.00000000   0.50000000   0.16666667
  0.00000000   0.00000000   0.33333333
  0.00000000   0.50000000   0.50000000
  0.49999999   0.83333333   0.16666667
  0.49999999   0.33333333   0.66666667
  0.49999999   0.83333333   0.83333333
