 Cu  Zr  hcp binary str #: 2451
3.39
  1.00000000  0.00000000  0.00000000
 -0.50000000  0.86602540  1.63299320
  0.50000000 -4.33012700  1.63299320
  5   7   
D
  0.00000000   0.00000000   0.00000000
  0.33333333   0.83333333   0.16666667
  0.66666667   0.66666667   0.33333333
  0.33333333   0.33333333   0.66666667
  0.72222222   0.47222221   0.02777778
  0.00000000   0.50000000   0.50000000
  0.66666667   0.16666667   0.83333333
  0.05555555   0.30555554   0.19444444
  0.38888888   0.13888888   0.36111111
  0.72222222   0.97222221   0.52777778
  0.05555555   0.80555554   0.69444444
  0.38888888   0.63888888   0.86111111
