 Al  Sm  fcc str #: 2020
3.75
  0.50000000  0.50000000  0.00000000
 -3.00000000  3.50000000  3.50000000
  0.00000000 -0.50000000  0.50000000
  3   7   
D
  0.00000000   0.00000000   0.00000000
  0.60000000   0.10000000   0.30000000
  0.80000000   0.30000000   0.90000000
  0.20000000   0.20000000   0.60000000
  0.40000000   0.40000000   0.20000000
  0.00000000   0.50000000   0.50000000
  0.60000000   0.60000000   0.80000000
  0.20000000   0.70000000   0.10000000
  0.80000000   0.80000000   0.40000000
  0.40000000   0.90000000   0.70000000
