 H  Pd  hcp binary str #: 6531
3.80
  1.00000000  0.00000000  0.00000000
  0.50000000  6.06217780  0.00000000
  0.00000000  0.00000000  1.63299320
  9   5   
D
  0.00000000   0.00000000   0.00000000
  0.42857143   0.14285714   0.00000000
  0.85714286   0.28571429   0.00000000
  0.28571429   0.42857143   0.00000000
  0.71428571   0.57142857   0.00000000
  0.14285714   0.71428571   0.00000000
  0.57142857   0.85714286   0.00000000
  0.47619048   0.04761905   0.49999999
  0.04761905   0.90476190   0.49999999
  0.90476191   0.19047619   0.49999999
  0.33333333   0.33333333   0.49999999
  0.76190476   0.47619048   0.49999999
  0.19047619   0.61904762   0.49999999
  0.61904762   0.76190476   0.49999999
