 H  Pd  hcp binary str #: 3935
3.76
 -1.50000000  0.86602540  0.00000000
 -1.50000000 -2.59807620  0.00000000
 -0.50000000  0.86602540  1.63299320
  11   1   
D
  0.00000000   0.00000000   0.00000000
  0.50000000   0.16666667  -0.00000000
  0.00000000   0.33333333  -0.00000000
  0.50000000   0.50000000   0.00000000
  0.00000000   0.66666667  -0.00000000
  0.50000000   0.83333333  -0.00000000
  0.58333334   0.91666667   0.49999999
  0.08333334   0.08333333   0.49999999
  0.58333334   0.25000000   0.49999999
  0.08333334   0.41666667   0.49999999
  0.58333334   0.58333333   0.49999999
  0.08333334   0.75000000   0.49999999
