 H  Pd  hcp binary str #: 4221
3.83
 -1.50000000  0.86602540  0.00000000
  0.00000000 -1.73205080  0.00000000
 -0.50000000  0.86602540  3.26598640
  5   7   
D
  0.00000000   0.00000000   0.00000000
  0.83333333   0.16666667   0.50000000
  0.50000000   0.50000000   0.50000000
  0.41666667   0.91666667   0.74999999
  0.08333334   0.25000000   0.74999999
  0.66666667   0.33333333  -0.00000000
  0.33333333   0.66666667  -0.00000000
  0.16666667   0.83333333   0.50000000
  0.58333334   0.75000000   0.24999999
  0.25000000   0.08333333   0.24999999
  0.91666667   0.41666667   0.24999999
  0.75000000   0.58333333   0.74999999
