 H  Pd  hcp binary str #: 2070
3.82
  1.00000000  0.00000000  1.63299320
  1.00000000  1.73205080  0.00000000
 -1.00000000  1.73205080  1.63299320
  6   6   
D
  0.00000000   0.00000000   0.00000000
  0.33333333   0.33333333   0.66666667
  0.00000000   0.50000000   0.00000000
  0.66666667   0.16666667   0.33333333
  0.44444444   0.11111111   0.05555555
  0.11111110   0.77777778   0.38888888
  0.66666667   0.66666667   0.33333333
  0.33333333   0.83333333   0.66666667
  0.77777777   0.44444445   0.72222222
  0.44444444   0.61111111   0.05555555
  0.11111110   0.27777778   0.38888888
  0.77777777   0.94444445   0.72222222
